adc_clk_f should be 3307500, is 3428571 . sample_f should be 44100, is 45714. hclk is 48000000
1, 536872060, 10408, 1, -536813312, -7, -536813312

xaxis, Abuf0, Bbuf0, Cbuf0
2, 352321536, 1235766, 347078656, -1207
3, 368050176, 3962994, 342884352, -1307
4, 374341632, 7386733, 334495744, -1206
5, 368050176, 10175711, 333447168, -905
6, 359661568, 11535583, 334495744, 0
7, 359661568, 11882913, 349175808, 1508
8, 363855872, 11952865, 367001600, 3117
9, 359661568, 11556260, 386924544, 3620
10, 347078656, 9896490, 404750336, 3620
11, 326107136, 6307131, 415236096, 2715
12, 309329920, 908962, 414187520, 905
13, 309329920, -4830601, 408944640, -603
14, 330301440, -8721738, 401604608, -1206
15, 367001600, -8923813, 377487360, -3017
16, 386924544, -5860843, 354418688, -4525
17, 382730240, -2080579, 330301440, -4525
18, 362807296, 156481, 315621376, -3721
19, 340787200, 9114, 316669952, -1307
20, 338690048, -1359267, 336592896, 2011
21, 354418688, -1836698, 368050176, 4928
22, 374341632, -367826, 391118848, 5229
23, 395313152, 3060082, 393216000, 2413
24, 401604608, 7416042, 379584512, -1106
25, 390070272, 10771935, 364904448, -2715
26, 363855872, 11435672, 370147328, -904
27, 331350016, 8583056, 386924544, 2112
28, 317718528, 3328825, 407896064, 3620
29, 326107136, -1783535, 417333248, 2916
30, 343932928, -4960209, 413138944, 502
31, 349175808, -6438663, 397410304, -1910
32, 346030080, -7410688, 375390208, -3620
33, 332398592, -8857946, 352321536, -4324
34, 330301440, -10622383, 337641472, -3620
35, 347078656, -11045541, 337641472, -1407
36, 367001600, -9120303, 350224384, 1206
37, 394264576, -4624036, 358612992, 2011
38, 416284672, 2114432, 365953024, 1508
39, 427819008, 9800405, 367001600, 804
40, 419430400, 16483245, 369098752, 301
41, 397410304, 20289582, 372244480, 502
42, 365953024, 20185872, 382730240, 1307
43, 329252864, 15824597, 391118848, 1810
44, 299892736, 7917148, 406847488, 2313
45, 286261248, -1687116, 416284672, 2413
46, 297795584, -10349752, 418381824, 1106
47, 332398592, -15362792, 413138944, -301
48, 371195904, -15510625, 397410304, -2011
49, 413138944, -10910052, 379584512, -3218
50, 434110464, -3137897, 358612992, -3721
51, 433061888, 4979218, 346030080, -3218
52, 413138944, 10998544, 344981504, -1307
53, 391118848, 13829140, 359661568, 1307
54, 381681664, 14226288, 377487360, 3117
55, 380633088, 13498683, 402653184, 4123
56, 378535936, 12165657, 418381824, 3922
57, 368050176, 9856925, 420478976, 1709
58, 349175808, 5901546, 412090368, -603
59, 327155712, 29267, 396361728, -2313
60, 309329920, -7284047, 381681664, -2916
61, 305135616, -14696251, 377487360, -1810
62, 330301440, -19709448, 382730240, 100
63, 373293056, -19959010, 387973120, 1005
64, 422576128, -14687756, 384827392, 200
65, 451936256, -5362527, 374341632, -1307
66, 458227712, 5039938, 362807296, -2112
67, 438304768, 13484181, 355467264, -1810
68, 407896064, 17965826, 368050176, 503
69, 374341632, 18020239, 394264576, 3721
70, 355467264, 14690050, 426770432, 5632
71, 346030080, 9685869, 454033408, 5732
72, 344981504, 4284966, 471859200, 4324
73, 342884352, -888325, 463470592, 904
74, 348127232, -5336129, 438304768, -3218
75, 356515840, -8424560, 386924544, -7342
76, 374341632, -9529481, 342884352, -9152
77, 405798912, -7629658, 313524224, -7040
78, 446693376, -1923996, 312475648, -2916
79, 479199232, 7031924, 331350016, 1709
80, 483393536, 16680296, 359661568, 4525
81, 454033408, 23409329, 392167424, 5833
82, 394264576, 23982111, 420478976, 5833
83, 331350016, 17288193, 444596224, 5028
84, 281018368, 4813095, 468713472, 4626
85, 262144000, -10114651, 483393536, 3721
86, 283115520, -23016406, 495976448, 2614
87, 339738624, -29735450, 484442112, 100
88, 405798912, -28336806, 448790528, -4526
89, 447741952, -20458333, 393216000, -8750
90, 465567744, -9538412, 338690048, -10560
91, 467664896, 1649879, 300941312, -8850
92, 461373440, 11413269, 292552704, -4425
93, 450887680, 18877794, 314572800, 1307
94, 426770432, 23078763, 354418688, 5933
95, 393216000, 23007130, 400556032, 8247
96, 355467264, 18405028, 439353344, 8146
97, 329252864, 10289715, 466616320, 6336
98, 319815680, 783805, 481296384, 4023
99, 334495744, -7509419, 484442112, 1709
100, 369098752, -12138880, 475004928, -603
101, 404750336, -12227536, 440401920, -4224
102, 420478976, -9204442, 402653184, -6939
103, 418381824, -5438920, 371195904, -6637
104, 406847488, -2548729, 352321536, -4827
105, 394264576, -1092534, 358612992, -1206
106, 389021696, -656972, 380633088, 2715
107, 393216000, -294525, 404750336, 4425
108, 413138944, 1277864, 416284672, 3419
109, 439353344, 5004077, 403701760, -100
110, 451936256, 10144077, 382730240, -3218
111, 446693376, 14743562, 373293056, -2916
112, 416284672, 16478263, 380633088, -200
113, 360710144, 12996102, 402653184, 2816
114, 303038464, 3568580, 428867584, 4626
115, 271581184, -9596925, 458227712, 5330
116, 284164096, -22011510, 466616320, 3620
117, 338690048, -28869220, 448790528, -905
118, 405798912, -27682052, 416284672, -4827
119, 461373440, -19266342, 375390208, -7040
120, 483393536, -6996660, 344981504, -6839
121, 472907776, 4875549, 331350016, -4223
122, 445644800, 13409468, 343932928, -100
123, 405798912, 17114807, 385875968, 5230
124, 360710144, 15430598, 426770432, 7945
125, 316669952, 8758975, 446693376, 5833
126, 292552704, -1057960, 445644800, 1810
127, 301989888, -10580401, 426770432, -1910
128, 342884352, -16141352, 409993216, -3419
129, 395313152, -15730173, 396361728, -2916
130, 428867584, -10350793, 391118848, -1810
131, 436207616, -3029446, 378535936, -1709
132, 416284672, 3013294, 355467264, -3419
133, 386924544, 5795702, 339738624, -3721
134, 360710144, 5222585, 339738624, -1508
135, 352321536, 2734423, 358612992, 1810
136, 362807296, 503612, 386924544, 4525
137, 387973120, 308843, 414187520, 5330
138, 408944640, 2486238, 429916160, 4123
139, 412090368, 5580705, 429916160, 1508
140, 399507456, 7660005, 423624704, -603
141, 377487360, 7458763, 418381824, -1106
142, 357564416, 4842320, 420478976, -301
143, 344981504, 642305, 421527552, 301
144, 332398592, -4441474, 417333248, -301
145, 333447168, -9424586, 395313152, -2514
146, 344981504, -12890063, 359661568, -5531
147, 361758720, -14054308, 338690048, -5430
148, 379584512, -12786031, 333447168, -2514
149, 396361728, -9383261, 342884352, 402
150, 414187520, -4195520, 361758720, 2715
151, 424673280, 2072511, 375390208, 3117
152, 419430400, 7887186, 384827392, 2212
153, 402653184, 11674534, 390070272, 1408
154, 383778816, 12798279, 393216000, 804
155, 373293056, 11810571, 398458880, 804
156, 357564416, 9126939, 414187520, 2011
157, 343932928, 4863135, 430964736, 3117
158, 347078656, 312089, 439353344, 2413
159, 361758720, -2871168, 434110464, 301
160, 374341632, -4220903, 414187520, -2413
161, 372244480, -4732804, 394264576, -3821
162, 344981504, -6514759, 379584512, -3318
163, 316669952, -10711351, 361758720, -3117
164, 307232768, -16000447, 338690048, -3922
165, 326107136, -19649006, 328204288, -3218
166, 361758720, -19374578, 326107136, -1206
167, 396361728, -14783803, 332398592, 402
168, 416284672, -7301393, 342884352, 1609
169, 419430400, 876874, 356515840, 2313
170, 403701760, 7538584, 384827392, 4023
171, 387973120, 11616000, 420478976, 6135
172, 369098752, 13056065, 454033408, 6637
173, 351272960, 11966250, 464519168, 4223
174, 336592896, 8862618, 449839104, -402
175, 334495744, 4876762, 415236096, -4727
176, 353370112, 1971609, 368050176, -7844
177, 382730240, 1759933, 332398592, -7945
178, 401604608, 3973842, 316669952, -4927
179, 400556032, 6721534, 321912832, -1005
180, 373293056, 7478629, 341835776, 2413
181, 346030080, 5076802, 365953024, 4224
182, 321912832, 93276, 390070272, 4626
183, 316669952, -5887535, 407896064, 4022
184, 324009984, -10921697, 419430400, 2816
185, 347078656, -13462061, 419430400, 1106
186, 371195904, -12806893, 403701760, -1508
187, 389021696, -9577496, 395313152, -2313
188, 396361728, -5021457, 381681664, -2112
189, 387973120, -793058, 370147328, -2413
190, 374341632, 1904186, 358612992, -2212
191, 359661568, 2801150, 351272960, -1810
192, 356515840, 2585143, 351272960, -703
193, 364904448, 2560561, 359661568, 804
194, 372244480, 3246021, 377487360, 2514
195, 369098752, 3951395, 391118848, 3017
196, 355467264, 3572953, 401604608, 2313
197, 336592896, 1430375, 401604608, 1005
198, 321912832, -2266933, 392167424, -905
199, 322961408, -6196692, 382730240, -1810
200, 340787200, -8518448, 379584512, -1206
201, 376438784, -7534701, 380633088, -201
202, 414187520, -2601156, 377487360, -201
203, 435159040, 4935593, 368050176, -1207
204, 423624704, 11993846, 356515840, -2011
205, 384827392, 15288816, 347078656, -2011
206, 337641472, 13252742, 344981504, -1106
207, 301989888, 6671389, 357564416, 1005
208, 298844160, -1479883, 380633088, 3419
209, 319815680, -7825544, 405798912, 4626
210, 347078656, -10748608, 418381824, 3620
211, 363855872, -10702395, 411041792, 502
212, 363855872, -9389926, 390070272, -2715
213, 359661568, -8065988, 372244480, -3721
214, 355467264, -6997556, 361758720, -2715
215, 363855872, -5554761, 364904448, -703
216, 382730240, -2649382, 370147328, 804
217, 408944640, 2370424, 374341632, 905
218, 422576128, 8826398, 369098752, -100
219, 413138944, 14496452, 356515840, -1709
220, 380633088, 16879134, 348127232, -2011
221, 330301440, 14124329, 348127232, -804
222, 289406976, 6434570, 362807296, 1408
223, 281018368, -3239706, 387973120, 3821
224, 307232768, -10884658, 413138944, 4827
225, 347078656, -13942897, 426770432, 3721
226, 380633088, -12390828, 425721856, 1206
227, 396361728, -7996332, 405798912, -2011
228, 396361728, -2938923, 376438784, -4727
229, 383778816, 1068408, 354418688, -4928
230, 370147328, 3280781, 351272960, -2413
231, 361758720, 4012030, 355467264, 100
232, 357564416, 3869397, 368050176, 1609
233, 358612992, 3431480, 374341632, 1810
234, 359661568, 3014015, 370147328, 200
235, 357564416, 2469764, 359661568, -1408
236, 347078656, 1241618, 352321536, -1709
237, 327155712, -1466527, 351272960, -804
238, 311427072, -5667563, 357564416, 502
239, 308281344, -10187375, 372244480, 2011
240, 327155712, -13046528, 392167424, 3319
241, 367001600, -12102431, 406847488, 3318
242, 411041792, -6491630, 409993216, 1709
243, 442499072, 2662157, 396361728, -1005
244, 449839104, 12763521, 371195904, -3721
245, 432013312, 20801864, 349175808, -4525
246, 390070272, 24154402, 336592896, -3318
247, 334495744, 21238244, 346030080, -301
248, 286261248, 12485509, 373293056, 3520
249, 264241152, 550052, 403701760, 5531
250, 269484032, -11043064, 425721856, 5028
251, 304087040, -18981996, 426770432, 2212
252, 337641472, -21885423, 408944640, -1609
253, 361758720, -20695084, 382730240, -4224
254, 376438784, -16843378, 353370112, -5330
255, 384827392, -11557010, 330301440, -5028
256, 397410304, -5293635, 319815680, -3218
257, 404750336, 1552172, 328204288, -201
258, 416284672, 8603887, 346030080, 2514
259, 428867584, 15838033, 365953024, 3620
260, 424673280, 22151948, 383778816, 3620
261, 399507456, 25463030, 399507456, 3218
262, 360710144, 24178697, 406847488, 2212
263, 311427072, 17583481, 409993216, 1005
264, 267386880, 6206472, 407896064, 100
265, 235929600, -8111643, 405798912, -402
266, 231735296, -22477467, 404750336, -301
267, 264241152, -33056517, 396361728, -905
268, 318767104, -36821451, 381681664, -2212
269, 385875968, -32552824, 361758720, -3319
270, 441450496, -21184243, 341835776, -3821
271, 471859200, -5760756, 326107136, -3419
272, 465567744, 9539305, 318767104, -2212
273, 434110464, 20970547, 325058560, -100
274, 391118848, 26609592, 347078656, 2715
275, 349175808, 26296007, 376438784, 4928
276, 320864256, 21404074, 406847488, 5732
277, 316669952, 14525238, 422576128, 4425
278, 326107136, 8061736, 422576128, 1508
279, 338690048, 3079082, 408944640, -1307
280, 343932928, -597896, 390070272, -3117
281, 335544320, -4036265, 373293056, -3419
282, 326107136, -7880535, 364904448, -2413
283, 321912832, -11726446, 368050176, -502
284, 328204288, -14620084, 384827392, 1911
285, 357564416, -14828499, 396361728, 2715
286, 395313152, -11006993, 393216000, 804
287, 425721856, -3661696, 384827392, -1106
288, 443547648, 5543119, 363855872, -2816
289, 430964736, 13860230, 341835776, -4123
290, 397410304, 18428235, 329252864, -3318
291, 351272960, 17736451, 339738624, -200
292, 311427072, 12028114, 362807296, 3218
293, 291504128, 3379935, 390070272, 4827
294, 294649856, -5371545, 416284672, 5129
295, 322961408, -11407858, 426770432, 3520
296, 353370112, -13378306, 423624704, 703
297, 379584512, -11731285, 404750336, -2112
298, 393216000, -7760477, 379584512, -4224
299, 385875968, -3575962, 356515840, -4626
300, 367001600, -1026063, 352321536, -2614
301, 355467264, -256182, 357564416, 100
302, 362807296, 229731, 375390208, 2212
303, 381681664, 2000242, 387973120, 2916
304, 405798912, 5715323, 387973120, 1206
305, 418381824, 10710538, 380633088, -704
306, 407896064, 14889660, 372244480, -1508
307, 373293056, 15757901, 362807296, -1709
308, 326107136, 11740676, 362807296, -905
309, 293601280, 3600500, 375390208, 1207
310, 279969792, -6207925, 399507456, 3520
311, 290455552, -14933779, 420478976, 4324
312, 310378496, -20633313, 426770432, 2614
313, 331350016, -22860323, 415236096, -503
314, 357564416, -21562708, 384827392, -4023
315, 390070272, -16560524, 356515840, -5632
316, 433061888, -7566001, 331350016, -5129
317, 468713472, 4827223, 330301440, -2514
318, 478150656, 18075210, 339738624, 804
319, 450887680, 28357462, 358612992, 2715
320, 401604608, 32573904, 374341632, 3318
321, 349175808, 29894612, 390070272, 3017
322, 309329920, 21612795, 404750336, 2916
323, 284164096, 10017850, 419430400, 2816
324, 275775488, -2493192, 430964736, 2514
325, 285212672, -13572553, 426770432, 703
326, 305135616, -21490453, 414187520, -1609
327, 338690048, -25030801, 397410304, -2816
328, 376438784, -23592748, 381681664, -3117
329, 404750336, -18010394, 368050176, -2816
330, 420478976, -10051303, 359661568, -2112
331, 420478976, -1715619, 347078656, -2011
332, 412090368, 5401930, 334495744, -2413
333, 405798912, 10830253, 332398592, -1407
334, 395313152, 14426376, 342884352, 804
335, 378535936, 15702562, 359661568, 2614
336, 352321536, 14041575, 390070272, 4525
337, 321912832, 9109777, 415236096, 5330
338, 305135616, 1915466, 434110464, 4224
339, 305135616, -5474854, 438304768, 2212
340, 321912832, -11037734, 432013312, -201
341, 351272960, -13242239, 413138944, -2413
342, 381681664, -11649332, 386924544, -4324
343, 397410304, -7407868, 357564416, -5330
344, 396361728, -2564154, 342884352, -4224
345, 390070272, 1505622, 334495744, -2212
346, 386924544, 4616901, 336592896, -603
347, 392167424, 7339351, 352321536, 1709
348, 393216000, 9823103, 367001600, 2916
349, 379584512, 11030038, 380633088, 2715
350, 356515840, 9808851, 385875968, 1810
351, 326107136, 5595647, 390070272, 905
352, 305135616, -1033567, 402653184, 1609
353, 297795584, -8394378, 420478976, 2916
354, 315621376, -14140940, 435159040, 3117
355, 354418688, -15853747, 433061888, 1206
356, 399507456, -12483396, 406847488, -2715
357, 429916160, -5110174, 371195904, -5933
358, 440401920, 3799271, 333447168, -7040
359, 427819008, 11542200, 314572800, -5430
360, 391118848, 15522768, 315621376, -1709
361, 350224384, 14522872, 342884352, 2715
362, 324009984, 9628629, 377487360, 5933
363, 320864256, 3361476, 409993216, 6436
364, 335544320, -1801593, 429916160, 5028
365, 352321536, -4754440, 437256192, 2614
366, 357564416, -6093642, 423624704, -603
367, 347078656, -7330048, 395313152, -4023
368, 333447168, -9393795, 368050176, -5330
369, 331350016, -11690949, 358612992, -3519
370, 340787200, -12927266, 362807296, -502
371, 362807296, -11928178, 372244480, 1307
372, 389021696, -8101504, 371195904, 804
373, 405798912, -2152731, 356515840, -1508
374, 406847488, 4182541, 348127232, -2212
375, 400556032, 9439181, 342884352, -1307
376, 392167424, 13042136, 350224384, 201
377, 381681664, 14807486, 370147328, 2615
378, 370147328, 14694514, 393216000, 4123
379, 351272960, 12470220, 414187520, 4224
380, 336592896, 8275272, 423624704, 2916
381, 324009984, 2795222, 422576128, 804
382, 318767104, -3144055, 415236096, -804
383, 325058560, -8300110, 405798912, -1609
384, 337641472, -11641651, 400556032, -1407
385, 364904448, -12151623, 384827392, -2011
386, 380633088, -9939418, 365953024, -3319
387, 375390208, -7034625, 343932928, -3922
388, 348127232, -5822749, 329252864, -3520
389, 320864256, -7305185, 322961408, -2011
390, 315621376, -10020537, 326107136, -301
391, 334495744, -11374021, 347078656, 2313
392, 370147328, -9357752, 375390208, 4727
393, 401604608, -3749806, 395313152, 4626
394, 415236096, 3737901, 401604608, 2514
395, 398458880, 10153421, 396361728, 100
396, 370147328, 13210903, 398458880, -301
397, 342884352, 12599680, 403701760, 704
398, 326107136, 9310231, 403701760, 502
399, 319815680, 4818024, 401604608, -201
400, 324009984, 493547, 383778816, -1911
401, 346030080, -2063502, 352321536, -4727


