0
-1
-4
-3
2
7
9
8
-5
-36
-36
26
80
31
-65
-69
4
30
6
24
45
-14
-72
-22
35
-7
-33
54
103
-8
-120
-76
19
44
46
67
33
-58
-94
-46
-3
24
86
117
18
-117
-124
-32
19
40
107
132
7
-155
-166
-44
63
114
126
69
-56
-146
-125
-39
51
127
146
53
-94
-162
-104
-9
61
118
132
37
-106
-149
-76
-2
46
118
141
22
-129
-136
-38
13
34
99
120
9
-111
-98
-29
-17
10
114
145
0
-144
-108
0
16
15
89
115
-9
-139
-111
0
60
71
65
10
-68
-80
-15
31
21
14
35
33
-23
-75
-51
23
62
43
11
-10
-38
-51
-20
19
35
45
44
-11
-81
-63
10
28
15
60
89
-11
-136
-114
10
83
85
69
18
-73
-120
-69
18
73
91
74
2
-94
-123
-50
39
68
69
69
12
-95
-120
-29
39
33
57
103
34
-110
-132
-21
45
32
51
88
34
-75
-107
-55
-7
35
106
121
7
-123
-120
-30
15
39
106
123
-7
-161
-153
-9
102
114
60
-14
-74
-85
-43
19
65
65
24
-16
-44
-64
-45
29
83
55
-2
-28
-46
-60
-20
49
66
35
9
-28
-78
-58
25
54
23
37
59
-22
-130
-96
36
99
75
39
-9
-81
-100
-31
43
62
57
48
-4
-87
-104
-20
62
60
26
26
9
-57
-80
-14
32
12
20
70
44
-56
-88
-25
15
5
22
71
69
-9
-92
-104
-38
47
97
93
35
-53
-112
-92
-18
60
117
114
10
-131
-165
-46
98
130
56
-23
-50
-60
-68
-21
78
108
21
-56
-45
-29
-44
0
87
84
-6
-57
-48
-43
-21
47
85
43
-17
-50
-67
-46
24
69
49
24
13
-42
-108
-70
49
110
70
8
-34
-76
-84
-20
66
85
36
-7
-25
-52
-68
-18
59
64
10
-7
2
-25
-53
-16
27
12
1
41
50
-16
-70
-45
3
13
11
46
81
34
-88
-141
-46
71
87
59
55
0
-119
-150
-28
102
128
84
7
-99
-158
-79
76
148
78
-21
-53
-58
-83
-47
85
148
33
-83
-55
-15
-57
-30
106
135
-3
-97
-64
-34
-24
47
112
60
-35
-70
-68
-53
13
92
90
23
-29
-65
-94
-59
49
127
90
-10
-72
-76
-58
-17
56
101
53
-31
-57
-45
-45
-14
61
75
0
-39
-1
3
-39
-25
28
17
-20
13
65
30
-52
-75
-33
12
32
49
75
55
-58
-162
-105
54
128
98
63
-2
-134
-186
-52
119
162
104
17
-101
-190
-126
65
188
131
-5
-75
-86
-104
-69
83
194
89
-86
-105
-46
-60
-29
125
177
13
-124
-93
-46
-37
52
154
94
-55
-109
-82
-52
18
116
116
13
-60
-73
-81
-59
44
141
106
-19
-94
-80
-49
-17
57
119
62
-56
-84
-31
-20
-19
52
90
0
-73
-11
40
-18
-50
13
37
-16
-17
52
64
-15
-88
-81
-5
64
71
53
49
-15
-151
-172
9
176
152
53
-15
-116
-207
-115
111
228
153
8
-119
-200
-165
13
204
225
60
-115
-162
-125
-69
60
218
194
-34
-193
-146
-54
6
120
202
89
