
adc_clk_f should be 600000, is 600000 . sample_f should be 8000, is 8000. hclk is 48000000
1, 592, 327, 249, 249
16, 95, -46
17, 77, 29
18, 94, 54
19, 94, -21
20, 76, -45
21, 96, 5
22, 74, 18
23, 98, 3
24, 123, 25
25, 48, 23
26, 118, -28
27, 90, -27
28, 78, 27
29, 96, 18
30, 63, -29
31, 96, -2
32, 65, 46
33, 65, 12
34, 91, -34
35, 30, -7
36, 56, 17
37, 69, -5
38, 19, -4
39, 48, 19
40, 37, 4
41, 11, -15
42, 47, 11
43, 20, 18
44, 43, -20
45, 20, -24
46, 33, 12
47, 31, 15
48, 30, 4
49, 49, 22
50, 55, 12
51, 14, -42
52, 101, -36
53, 70, 36
54, 39, 42
55, 89, -23
56, 78, -20
57, 84, 44
58, 95, 27
59, 95, -54
60, 129, -42
61, 85, 43
62, 106, 48
63, 97, -18
64, 134, -8
65, 94, 43
66, 114, 0
67, 111, -74
68, 111, -20
69, 115, 83
70, 118, 59
71, 95, -41
72, 126, -44
73, 103, 23
74, 101, 26
75, 95, -24
76, 103, -15
77, 77, 36
78, 96, 35
79, 67, -18
80, 87, -33
81, 55, 8
82, 43, 29
83, 44, -8
84, 60, -21
85, 34, 21
86, -3, 24
87, 42, -32
88, 9, -23
89, 13, 54
90, 21, 37
91, 5, -65
92, 4, -61
93, 4, 48
94, -16, 63
95, 32, -12
96, -9, -22
97, 26, 9
98, 12, -23
99, 5, -44
100, 39, 24
101, -5, 68
102, 19, 11
103, 59, -35
104, -8, -19
105, 35, -13
106, 61, -11
107, 33, 35
108, 47, 47
109, 40, -22
110, 80, -44
111, 41, 21
112, 75, 35
113, 85, -28
114, 63, -24
115, 123, 41
116, 81, 25
117, 89, -39
118, 95, -17
119, 87, 47
120, 97, 31
121, 98, -24
122, 76, -36
123, 121, -8
124, 91, 28
125, 112, 47
126, 97, 9
127, 102, -35
128, 97, -12
129, 95, 22
130, 73, -9
131, 61, -31
132, 99, 36
133, 74, 74
134, 62, -13
135, 75, -83
136, 63, -17
137, 53, 62
138, 39, 30
139, 38, -29
140, 44, -12
141, 43, 30
142, 25, 7
143, 24, -43
144, 57, -16
145, 7, 54
146, 43, 41
147, 29, -46
148, 14, -55
149, 47, 33
150, 20, 61
151, 65, -11
152, 36, -45
153, 39, 2
154, 88, 22
155, 23, -4
156, 61, -3
157, 53, 19
158, 54, 14
159, 89, -3
160, 17, -22
161, 103, -29
162, 69, 13
163, 50, 65
164, 97, 20
165, 39, -62
166, 115, -23
167, 71, 59
168, 59, 9
169, 93, -70
170, 87, 11
171, 105, 106
172, 71, 6
173, 107, -109
174, 87, -26
175, 53, 88
176, 69, 30
177, 97, -47
178, 20, 0
179, 70, 34
180, 31, -28
181, 46, -36
182, 23, 42
183, 16, 48
184, 14, -30
185, -6, -44
186, -19, 8
187, 2, 23
188, -71, 2
189, -12, 1
190, -49, 0
191, -66, -10
192, -20, -7
193, -65, -3
194, -47, -6
195, -37, 12
196, -43, 27
197, -10, -6
198, -19, -35
199, -10, -9
200, 8, 15
201, 5, 5
202, 65, 14
203, 60, 31
204, 58, -14
205, 97, -62
206, 108, -5
207, 123, 75
208, 155, 44
209, 107, -46
210, 188, -45
211, 166, 28
212, 142, 43
213, 213, -6
214, 187, -13
215, 178, 25
216, 197, 15
217, 188, -32
218, 190, -12
219, 182, 55
220, 165, 40
221, 177, -40
222, 163, -36
223, 132, 33
224, 159, 33
225, 123, -15
226, 117, -1
227, 87, 25
228, 70, -10
229, 38, -33
230, 57, 19
231, -25, 41
232, -2, -15
233, -7, -34
234, -58, 13
235, -84, 15
236, -57, -25
237, -121, -6
238, -108, 37
239, -109, 3
240, -134, -50
241, -148, -26
242, -125, 24
243, -159, 21
244, -177, -5
245, -152, -13
246, -122, -6
247, -171, -2
248, -140, -16
249, -142, -37
250, -103, 6
251, -125, 75
252, -108, 22
253, -78, -97
254, -51, -56
255, -23, 86
256, -37, 48
257, -3, -92
258, 38, -33
259, 74, 123
260, 78, 52
261, 97, -126
262, 178, -75
263, 157, 104
264, 150, 83
265, 238, -62
266, 224, -40
267, 227, 77
268, 250, 37
269, 272, -80
270, 290, -33
271, 265, 95
272, 280, 58
273, 315, -61
274, 266, -32
275, 249, 65
276, 283, 30
277, 226, -44
278, 257, 2
279, 212, 55
280, 194, -8
281, 195, -48
282, 153, 29
283, 125, 65
284, 91, -10
285, 126, -43
286, 21, 2
287, 46, 10
288, 7, -19
289, -2, 13
290, -40, 53
291, -82, 0
292, -58, -61
293, -126, -26
294, -139, 26
295, -129, 7
296, -206, -17
297, -148, 10
298, -203, 18
299, -209, -24
300, -191, -43
301, -236, -9
302, -212, 18
303, -217, 10
304, -205, -4
305, -195, -15
306, -192, -17
307, -170, -8
308, -129, 6
309, -134, 8
310, -109, -6
311, -63, -20
312, -39, -5
313, -35, 17
314, 3, 7
315, 81, -8
316, 54, 7
317, 115, 13
318, 121, -30
319, 161, -31
320, 215, 54
321, 183, 77
322, 251, -29
323, 253, -78
324, 247, 22
325, 301, 74
326, 298, 1
327, 295, -28
328, 292, 23
329, 327, 25
330, 323, -8
331, 289, 9
332, 280, 14
333, 310, -15
334, 289, 21
335, 250, 61
336, 245, -23
337, 255, -74
338, 181, 45
339, 174, 100
340, 183, -35
341, 119, -77
342, 111, 50
343, 59, 48
344, 75, -68
345, 27, -11
346, -5, 104
347, -28, -2
348, -41, -118
349, -75, 1
350, -84, 97
351, -129, -19
352, -149, -78
353, -133, 31
354, -185, 55
355, -164, -41
356, -171, -48
357, -183, 13
358, -203, 4
359, -190, -14
360, -152, 19
361, -151, 21
362, -205, -34
363, -129, -52
364, -133, -7
365, -151, 39
366, -107, 38
367, -105, -17
368, -59, -53
369, -49, -2
370, -65, 36
371, 46, -14
372, -10, -27
373, 30, 46
374, 70, 34
375, 71, -62
376, 94, -36
377, 125, 70
378, 112, 32
379, 166, -59
380, 146, -3
381, 186, 66
382, 195, -2
383, 209, -45
384, 219, 25
385, 210, 37
386, 239, -24
387, 230, -2
388, 250, 51
389, 216, 1
390, 235, -42
391, 223, 16
392, 223, 50
393, 222, 1
394, 187, -20
395, 197, 3
396, 188, 5
397, 184, 16
398, 146, 32
399, 135, -13
400, 162, -42
401, 113, 33
402, 115, 61
403, 104, -42
404, 68, -65
405, 67, 56
406, 70, 77
407, 50, -41
408, 22, -62
409, 31, 23
410, 24, 27
411, -4, -14
412, 27, 14
413, -9, 25
414, -16, -32
415, -14, -34
416, -5, 26
417, -35, 23
418, -22, -14
419, -11, 0
420, -25, 9
421, -25, -21
422, -19, -13
423, -37, 22
424, -2, 13
425, -22, -8
426, -21, -2
427, -9, -15
428, -15, -25
429, 2, 25
430, -17, 51
431, 9, -18
432, 11, -54
433, 7, 12
434, 7, 31
435, 22, -27
436, 19, -9
437, 5, 55
438, 45, 12
439, 42, -59
440, 21, -15
441, 33, 33
442, 47, -2
443, 61, 2
444, 35, 49
445, 67, -6
446, 51, -80
447, 58, -3
448, 68, 82
449, 71, 14
450, 54, -52
451, 75, 2
452, 73, 29
453, 48, -21
454, 99, -8
455, 40, 40
456, 100, 9
457, 64, -32
458, 47, -4
459, 82, 10
460, 23, -3
461, 96, 30
462, 4, 34
463, 65, -46
464, 43, -60
465, 7, 41
466, 43, 57
467, 22, -25
468, 7, -19
469, 16, 36
470, -26, -18
471, -5, -66
472, -17, 28
473, -43, 82
474, -23, -19
475, -37, -68
476, -19, 15
477, -71, 32
478, -38, -36
479, -44, -12
480, -38, 61
481, -51, 14
482, -49, -72
483, -15, -34
484, -45, 50
485, -42, 38
486, -10, -20
487, -23, -23
488, -24, 3
489, 6, 0
490, -23, -14
491, 37, 2
492, -9, 29
493, 16, 16
494, 36, -29
495, 43, -27
496, 75, 27
497, 38, 30
498, 90, -30
499, 61, -30
500, 83, 47
501, 93, 50
502, 122, -30
503, 119, -43
504, 115, 13
505, 154, 19
506, 154, -2
507, 156, 28
508, 156, 34
509, 177, -27
510, 174, -37
511, 166, 25
512, 191, 30
513, 177, -13
514, 201, 11
515, 193, 42
516, 168, -14
517, 179, -48
518, 201, 26
519, 149, 64
520, 154, -13
521, 164, -55
522, 168, 19
523, 131, 61
524, 161, -1
525, 126, -43
526, 109, 0
527, 106, 36
528, 111, 10
529, 85, -16
530, 69, -7
531, 55, 3
532, 88, 11
533, 47, 22
534, 23, 3
535, 53, -34
536, 11, -17
537, 10, 34
538, 1, 21
539, 5, -25
540, -34, -11
541, -23, 23
542, -40, -5
543, -37, -29
544, -37, 17
545, -67, 29
546, -62, -33
547, -38, -34
548, -85, 39
549, -60, 31
550, -45, -40
551, -54, -24
552, -95, 24
553, -43, -7
554, -52, -27
555, -73, 36
556, -47, 38
557, -61, -55
558, -59, -55
559, -46, 44
560, -61, 44
561, -57, -37
562, -52, -24
563, -60, 33
564, -55, 1
565, -65, -40
566, -38, 2
567, -39, 35
568, -81, -7
569, -62, -39
570, -17, -1
571, -67, 40
572, -44, 19
573, -38, -41
574, -39, -50
575, -53, 21
576, -3, 65
577, -44, -1
578, -35, -62
579, -5, -6
580, -52, 46
581, 11, -3
582, -38, -39
583, -10, 12
584, -6, 32
585, -9, -13
586, 1, -24
587, 15, 13
588, 6, 14
589, 15, -11
590, 12, -9
591, 18, 3
592, 15, 7
593, 47, 16
594, 29, 7
595, 18, -29
596, 69, -23
597, 46, 33
598, 53, 38
599, 69, -23
600, 69, -31
601, 45, 19
602, 88, 24
603, 112, -6
604, 60, 0
605, 115, 6
606, 99, -19
607, 95, -6
608, 115, 43
609, 97, 26
610, 107, -34
611, 93, -23
612, 93, 22
613, 118, 11
614, 73, -5
615, 105, 18
616, 75, 11
617, 105, -19
618, 72, -2
619, 85, 20
620, 91, -9
621, 49, -16
622, 77, 27
623, 88, 26
624, 69, -15
625, 87, -10
626, 43, 1
627, 97, -18
628, 77, 10
629, 78, 62
630, 92, 5
631, 81, -75
632, 101, -11
633, 114, 79
634, 93, 18
635, 117, -59
636, 100, -2
637, 105, 49
638, 129, -1
639, 104, -24
640, 134, 20
641, 121, 16
642, 159, -14
643, 126, 2
644, 139, 13
645, 135, -12
646, 125, 8
647, 159, 48
648, 139, 3
649, 135, -54
650, 152, -13
651, 144, 45
652, 146, 27
653, 132, 0
654, 170, 8
655, 105, -7
656, 122, -34
657, 129, -3
658, 116, 47
659, 105, 35
660, 101, -14
661, 84, -34
662, 60, -12
663, 63, 23
664, 51, 34
665, 23, 2
666, 40, -29
667, -15, -17
668, -10, 6
669, -28, 8
670, -29, 18
671, -79, 23
672, -65, -20
673, -78, -57
674, -108, -10
675, -128, 43
676, -130, 12
677, -161, -21
678, -157, 8
679, -149, 11
680, -203, -51
681, -173, -54
682, -210, 25
683, -209, 56
684, -182, 6
685, -263, -35
686, -186, -38
687, -243, -25
688, -232, 7
689, -197, 26
690, -265, -4
691, -214, -30
692, -211, -1
693, -213, 16
694, -221, -24
695, -179, -37
696, -177, 12
697, -201, 26
698, -165, -25
699, -134, -31
700, -165, 26
701, -117, 30
702, -132, -39
703, -116, -53
704, -98, 17
705, -85, 47
706, -62, -4
707, -62, -35
708, -15, 0
709, -43, 15
710, 7, -8
711, 9, -13
712, 3, 10
713, 42, 14
714, 59, -1
715, 59, -5
716, 87, -1
717, 112, 2
718, 85, 6
719, 126, 4
720, 158, 3
721, 141, 14
722, 147, 7
723, 209, -19
724, 159, -8
725, 209, 40
726, 191, 31
727, 207, -26
728, 226, -18
729, 190, 36
730, 248, 18
731, 205, -28
732, 251, 10
733, 240, 53
734, 217, -2
735, 244, -48
736, 222, 11
737, 244, 63
738, 220, 14
739, 237, -34
740, 235, -9
741, 216, 24
742, 236, 19
743, 211, 7
744, 211, 5
745, 215, 6
746, 232, 12
747, 182, 0
748, 175, -28
749, 238, 1
750, 178, 72
751, 174, 46
752, 175, -70
753, 191, -66
754, 163, 69
755, 162, 84
756, 167, -50
757, 142, -65
758, 136, 60
759, 154, 65
760, 113, -50
761, 115, -49
762, 94, 45
763, 94, 39
764, 89, -23
765, 98, -6
766, 71, 21
767, 52, -13
768, 71, -21
769, 51, 27
770, 28, 31
771, 46, -13
772, -2, -28
773, 22, -6
774, -2, 11
775, -8, 24
776, -24, 10
777, -35, -27
778, -5, -18
779, -45, 27
780, -74, 3
781, -23, -48
782, -81, 2
783, -69, 71
784, -54, 3
785, -101, -86
786, -73, -24
787, -92, 63
788, -84, 19
789, -107, -43
790, -89, -5
791, -91, 25
792, -115, -15
793, -105, -32
794, -101, 5
795, -137, 20
796, -68, 8
797, -155, -9
798, -108, -36
799, -95, -23
800, -132, 40
801, -109, 36
802, -129, -51
803, -109, -50
804, -143, 42
805, -92, 41
806, -129, -48
807, -121, -37
808, -99, 38
809, -124, 15
810, -102, -43
811, -116, -9
812, -130, 27
813, -84, -4
814, -134, -17
815, -87, 7
816, -109, -9
817, -126, -27
818, -49, 17
819, -135, 32
820, -81, -24
821, -82, -37
822, -97, 17
823, -72, 19
824, -97, -26
825, -59, -14
826, -53, 30
827, -98, 8
828, -37, -39
829, -62, -17
830, -63, 32
831, -11, 23
832, -56, -21
833, -3, -28
834, -14, 1
835, 3, 23
836, 5, 9
837, 27, -10
838, 29, -4
839, 28, 8
840, 34, -7
841, 73, -17
842, 66, 19
843, 44, 37
844, 116, -14
845, 64, -40
846, 101, 17
847, 127, 46
848, 101, -9
849, 144, -33
850, 104, 12
851, 161, 29
852, 149, 1
853, 141, 3
854, 146, 5
855, 180, -15
856, 168, 4
857, 158, 37
858, 159, -6
859, 183, -38
860, 199, 42
861, 164, 72
862, 179, -49
863, 183, -91
864, 181, 55
865, 180, 113
866, 154, -28
867, 183, -88
868, 178, 35
869, 133, 75
870, 193, -32
871, 137, -51
872, 165, 48
873, 161, 58
874, 135, -30
875, 161, -46
876, 124, 18
877, 158, 46
878, 149, 16
879, 101, -23
880, 171, -30
881, 95, 12
882, 118, 47
883, 127, 7
884, 102, -32
885, 89, 4
886, 118, 30
887, 85, -19
888, 81, -29
889, 75, 36
890, 92, 46
891, 60, -20
892, 53, -35
893, 98, 6
894, 24, 12
895, 50, -3
896, 49, 9
897, 43, 19
898, 27, 2
899, 24, -15
900, 12, -26
901, 35, -6
902, -8, 41
903, 29, 35
904, -18, -40
905, -10, -51
906, -5, 32
907, -16, 53
908, 6, -19
909, -51, -44
910, -28, 0
911, -16, 15
912, -41, 10
913, -50, 16
914, -59, -11
915, -46, -40
916, -54, 7
917, -68, 41
918, -68, -26
919, -99, -55
920, -43, 41
921, -114, 68
922, -67, -43
923, -95, -80
924, -118, 16
925, -72, 51
926, -111, -8
927, -88, -17
928, -121, 6
929, -95, -15
930, -105, -22
931, -99, 22
932, -114, 13
933, -95, -33
934, -97, -10
935, -97, 30
936, -94, -8
937, -103, -37
938, -89, 14
939, -115, 29
940, -63, -23
941, -110, -28
942, -77, 13
943, -85, 1
944, -91, -17
945, -87, 15
946, -112, 17
947, -79, -30
948, -91, -19
949, -92, 24
950, -91, -8
951, -81, -40
952, -100, 20
953, -89, 51
954, -73, -20
955, -109, -52
956, -59, 5
957, -83, 17
958, -94, -22
959, -53, -2
960, -85, 38
961, -65, 6
962, -31, -31
963, -76, -13
964, -23, -5
965, -56, -14
966, -21, 19
967, -21, 40
968, -31, -7
969, 25, -37
970, -11, 0
971, 20, 11
972, 23, -19
973, 34, 1
974, 63, 46
975, 9, 7
976, 82, -49
977, 61, -9
978, 30, 45
979, 99, 6
980, 63, -33
981, 75, 6
982, 121, 32
983, 85, -5
984, 91, -23
985, 119, 11
986, 97, 28
987, 81, 1
988, 121, -18
989, 127, -5
990, 92, 15
991, 130, 14
992, 93, -8
993, 132, -4
994, 105, 35
995, 114, 25
996, 123, -47
997, 71, -51
998, 165, 46
999, 79, 76
1000, 103, -12
1001, 102, -59
1002, 74, 6
1003, 90, 45
1004, 59, -5
1005, 72, -33
1006, 54, 8
1007, 39, 34
1008, 45, 2
1009, 48, -20
1010, 44, 5
1011, -5, 14
1012, 29, -20
1013, 25, -24
1014, 10, 32
1015, 4, 42
1016, -6, -30
1017, 15, -50
1018, 5, 32
1019, -16, 54
1020, 37, -34
1021, -27, -60
1022, 2, 25
1023, 20, 54
1024, -7, -7
1025, 28, -26
1026, -16, 4
1027, 46, -2
1028, 15, -14
1029, -3, 12
1030, 51, 14
1031, 5, -5
1032, 35, 11
1033, 36, 14
1034, 23, -34
1035, 58, -29
1036, -6, 37
1037, 69, 32
1038, 50, -22
1039, 30, 0
1040, 60, 22
1041, 49, -31
1042, 48, -33
1043, 79, 56
1044, 21, 44
1045, 75, -59
1046, 44, -37
1047, 21, 58
1048, 45, 21
1049, 42, -46
1050, 37, 12
1051, 29, 45
1052, -3, -49
1053, 28, -58
1054, 38, 72
1055, -31, 82
1056, 11, -59
1057, -31, -90
1058, -9, 30
1059, -46, 65
1060, -39, -14
1061, -53, -40
1062, -43, 14
1063, -85, 27
1064, -75, -21
1065, -78, -40
1066, -89, 9
1067, -126, 42
1068, -91, -1
1069, -130, -52
1070, -135, -15
1071, -101, 48
1072, -150, 17
1073, -134, -55
1074, -149, -35
1075, -167, 32
1076, -141, 25
1077, -161, -20
1078, -183, -20
1079, -132, 0
1080, -182, -5
1081, -153, -9
1082, -153, -2
1083, -179, -2
1084, -137, 0
1085, -151, 8
1086, -161, -13
1087, -133, -36
1088, -147, -4
1089, -143, 31
1090, -109, 6
1091, -123, -25
1092, -114, -10
1093, -92, 1
1094, -110, -14
1095, -85, -3
1096, -89, 24
1097, -103, 3
1098, -51, -29
1099, -91, -8
1100, -35, 17
1101, -77, -7
1102, -31, -17
1103, -48, 14
1104, -49, 18
1105, -15, -15
1106, -31, -17
1107, -21, 7
1108, 13, 4
1109, -23, -9
1110, 23, 4
1111, -9, 10
1112, 27, -2
1113, 1, -3
1114, 39, 6
1115, 41, -2
1116, 27, -10
1117, 41, 0
1118, 40, 4
1119, 79, 15
1120, 45, 28
1121, 65, -3
1122, 79, -52
1123, 73, -16
1124, 71, 57
1125, 95, 32
1126, 87, -35
1127, 82, -11
1128, 114, 36
1129, 64, -8
1130, 121, -40
1131, 91, 25
1132, 115, 57
1133, 123, -12
1134, 80, -49
1135, 147, 4
1136, 91, 40
1137, 98, 14
1138, 130, -10
1139, 82, -10
1140, 136, 0
1141, 106, 11
1142, 94, 3
1143, 132, -8
1144, 80, 17
1145, 134, 42
1146, 92, -8
1147, 119, -57
1148, 111, -7
1149, 63, 50
1150, 137, 20
1151, 63, -11
1152, 101, 17
1153, 88, 7
1154, 67, -47
1155, 81, -25
1156, 77, 53
1157, 39, 42
1158, 47, -26
1159, 41, -24
1160, 24, 19
1161, 42, 9
1162, 4, -21
1163, 19, -13
1164, 10, 11
1165, -7, 22
1166, 5, 12
1167, -17, -14
1168, -20, -25
1169, -22, 2
1170, -41, 16
1171, -1, -7
1172, -49, -11
1173, -50, 12
1174, -17, 5
1175, -62, -13
1176, -33, 7
1177, -62, 11
1178, -59, -32
1179, -34, -28
1180, -62, 38
1181, -35, 35
1182, -45, -33
1183, -61, -30
1184, -35, 25
1185, -90, 7
1186, -27, -30
1187, -38, 6
1188, -70, 32
1189, -45, -28
1190, -39, -44
1191, -21, 41
1192, -41, 63
1193, -94, -45
1194, 3, -85
1195, -93, 22
1196, -49, 82
1197, -46, -9
1198, -88, -70
1199, -85, -4
1200, -74, 48
1201, -97, 2
1202, -81, -34
1203, -113, -8
1204, -74, 8
1205, -104, -5
1206, -90, -3
1207, -90, 5
1208, -108, 0
1209, -84, 0
1210, -82, -1
1211, -105, -22
1212, -79, -24
1213, -85, 15
1214, -77, 32
1215, -93, -3
1216, -43, -22
1217, -91, -4
1218, -59, -4
1219, -73, -21
1220, -74, 0
1221, -67, 31
1222, -59, 17
1223, -64, -21
1224, -45, -27
1225, -53, -6
1226, -61, 2
1227, -53, 4
1228, -39, 13
1229, -41, 15
1230, -47, -8
1231, -42, -35
1232, 5, -17
1233, -29, 33
1234, -10, 32
1235, 39, -22
1236, -19, -34
1237, 23, 13
1238, 29, 25
1239, 9, -9
1240, 35, -8
1241, -14, 12
1242, 60, -4
1243, 11, -15
1244, 38, 18
1245, 29, 16
1246, 4, -26
1247, 36, -9
1248, 29, 42
1249, -10, 9
1250, 31, -53
1251, 10, -17
1252, 4, 49
1253, 22, 23
1254, 7, -29
1255, 15, -11
1256, 12, 17
1257, 22, -2
1258, -9, -20
1259, 37, 4
1260, 36, 28
1261, -15, 11
1262, 40, -25
1263, 11, -28
1264, 22, 20
1265, 9, 43
1266, -23, -17
1267, 29, -57
1268, -13, 17
1269, -9, 70
1270, 11, -17
1271, -34, -77
1272, 14, 17
1273, -3, 79
1274, -8, -14
1275, 7, -75
1276, 12, 8
1277, -22, 58
1278, 31, -4
1279, -12, -34
1280, 12, 12
1281, 12, 18
1282, 22, -16
1283, 34, -12
1284, 32, 11
1285, -2, 3
1286, 60, 0
1287, -7, 13
1288, 19, 3
1289, 54, -15
1290, 11, -1
1291, 31, 3
1292, 33, -17
1293, 15, 0
1294, 37, 46
1295, -7, 22
1296, 22, -45
1297, 16, -35
1298, 21, 30
1299, 25, 22
1300, 5, -29
1301, 24, -9
1302, 39, 48
1303, -10, 25
1304, 19, -45
1305, 16, -46
1306, 4, 21
1307, -1, 41
1308, -17, -10
1309, 3, -30
1310, -11, 23
1311, -34, 43
1312, -17, -31
1313, -39, -68
1314, -31, 13
1315, -41, 69
1316, -63, -5
1317, -34, -58
1318, -50, 14
1319, -48, 58
1320, -57, -26
1321, -71, -78
1322, -51, 6
1323, -80, 71
1324, -37, 15
1325, -73, -48
1326, -47, -23
1327, -56, 16
1328, -35, 11
1329, -43, -7
1330, -69, -12
1331, -12, -1
1332, -43, 17
1333, -41, 11
1334, -9, -25
1335, -62, -27
1336, -9, 22
1337, -33, 32
1338, -15, -16
1339, -20, -31
1340, -26, 7
1341, -29, 12
1342, -11, -7
1343, -29, 9
1344, -27, 18
1345, -25, -24
1346, -61, -42
1347, -17, 12
1348, -72, 42
1349, -25, 8
1350, -69, -22
1351, -67, -19
1352, -38, -12
1353, -57, 6
1354, -58, 24
1355, -63, -3
1356, -64, -32
1357, -56, 5
1358, -66, 36
1359, -65, -14
1360, -55, -49
1361, -67, 8
1362, -77, 38
1363, -44, -14
1364, -101, -29
1365, -10, 27
1366, -73, 26
1367, -73, -42
1368, -37, -49
1369, -78, 22
1370, -30, 57
1371, -56, 11
1372, -60, -43
1373, -5, -38
1374, -70, 14
1375, -31, 31
1376, -4, -6
1377, -65, -18
1378, -15, 15
1379, -27, 10
1380, -24, -30
1381, -38, -18
1382, 5, 35
1383, -33, 21
1384, 6, -27
1385, -19, -20
1386, 16, 15
1387, -29, 6
1388, 21, -4
1389, 18, 12
1390, -17, 6
1391, 26, -25
1392, 17, -17
1393, 22, 24
1394, 7, 25
1395, 13, -12
1396, 28, -18
1397, 9, 12
1398, 28, 13
1399, -7, -23
1400, 21, -23
1401, 22, 28
1402, -33, 40
1403, 16, -19
1404, -33, -48
1405, -12, 9
1406, -17, 44
1407, -44, -9
1408, -18, -47
1409, -52, 5
1410, -57, 42
1411, -52, -3
1412, -56, -32
1413, -73, 4
1414, -67, 14
1415, -87, -28
1416, -70, -23
1417, -90, 32
1418, -80, 35
1419, -74, -19
1420, -97, -38
1421, -79, -10
1422, -83, 7
1423, -73, 11
1424, -79, 10
1425, -91, -8
1426, -28, -15
1427, -42, 13
1428, -87, 8
1429, -7, -42
1430, -55, -24
1431, -11, 63
1432, -29, 46
1433, -19, -65
1434, -23, -65
1435, -12, 49
1436, 13, 65
1437, -19, -30
1438, 8, -50
1439, 5, 13
1440, 16, 28
1441, 27, -1
1442, -17, -10
1443, 40, -4
1444, -6, 4
1445, 25, 18
1446, 16, -2
1447, 21, -34
1448, 18, -1
1449, 21, 46
1450, 33, 8
1451, 11, -41
1452, 49, 0
1453, 15, 34
1454, 31, -17
1455, 9, -39
1456, 16, 26
1457, 26, 50
1458, -15, -11
1459, 6, -42
1460, -2, -8
1461, -2, 20
1462, -43, 10
1463, -27, -10
1464, -23, -10
1465, -39, 19
1466, -69, 20
1467, -49, -40
1468, -43, -49
1469, -79, 44
1470, -63, 65
1471, -70, -48
1472, -55, -69
1473, -83, 50
1474, -68, 56
1475, -91, -70
1476, -41, -48
1477, -83, 81
1478, -78, 35
1479, -52, -97
1480, -60, -33
1481, -67, 94
1482, -63, 25
1483, -61, -85

